33222222222222222222222333333323332222233333333333333333321122222222222222222222222222222222222222222222333333
33222222222222222222222333323332223223333333323333322332211122222222222222222222222222222222222222222222333333
32222222222222222222222333223333322332233333212223222222211122222222222222222222222222222222222222222211333333
33222222222222222222222232222233333333333322211222211212111122222222222222222222222222222222222222222222232333
33222222222222222222222222222223333332333211333211111111212222222222222222222222222222222222222222222221222322
33222222222222222222222222221122323333333222332111112222222322222222222222222222222222222222222222222211222223
33222222222222222222222222222122223333223332211111211133333222222222222222222222222222222222222222222211123223
32222222222222222222222213322222222222212222211112112233222122222222222222222222222222222222222222222211112333
33222222222222222222222112333222221122112222211111233333211122222222222222222222222222222222222222222211111233
33222222222222222222222223323322111122111121111112333333221122222222222222222222222222222222222222222221111223
22222222222222222222222112222322121122111211111113333333211222222222222222222222222222222222222222222211111123
22222222222222222222222223222333211122212111222112333323211222222222222222222222222222222222222222222211121113
12222222222222222222222332233332122222223211123333333212211122222222222222222222222222222222222222222211222113
13222222222222222222222322223332123333333333123333333312211122222222222222222222222222222222222222222222211112
12232333223211222222321233233221122233333333333333333212111122222222222222222222222222222222222222222221111122
12222222332211233333211233333333222223333333333333333211111122222222222222222222222222222222222222222211111233
11222222322323332333322233223233322233333321213333333322211122222222222222222222222222222222222222222211112322
12211222333333333333333322222223333322333311113333333333222122222222222222222222222222222222222222222211232212
11221212223333233333333221211122333211133311123333333333333122222222222222222222222222222222222222222212221212
11111112222222122222232211111111222211223322223333333333333322222222222222222222222222222222222222222222222111
22111122222221112212222211112111223333331222223333333333333222222222222222222222222222222222222222222212122111
23221222221111112211121111111100122233321211223222323233333333333332233333321222233211111112211223221211112111
22111121211221112111121211110001112222333333332222222222222223333332233333311111233333211233333322111111222111
32221122212112122212111112211001111222232223332222222222222223333333333333322222323333333323222212111111212222
22233222212223333222221133321000111222221222232222222222222223333333333333333332212222332212222211111111222113
22222232211222333332122232111100111111211212222222222222222223333333223333333332111122221212212111122212222112
32221123311233333333223211111000111112111212232222222222222223333332112233333332322222111111221121223322212212
22212223211122333333333212111100111111111111232222222222222223333322112223333333322222111111221121233222222223
33222113111112333333333212333321121111121111122222222222222223333332111122233333332222211111112221123222211233
23332112211112333333333213223331011111121111112222222222222223333332112122223333331111222112222221233333223333
22333332233333332233333323333321000111111111112222222222222223333332112211222332222221222222222333333233333333
22233333333333322233333333333222100001111112222222222222222223333333322111222221122222221231111332222123332333
12222333223332333223333333333211100000123332222222222222222223332223211111122211112222221122122222222223322223
12122223322333332112223331232111110001233332212222222222222223332112211111111111111122111132222222122212333222
12212222222223322111113321112211110001233322221112212233321133333221111222211112111111111123222321111111233333
11111122221222122211222211111122111123333332222222112333211133333333223111111112111111111113222222112111223333
11122111221222123333321111111111222222333333333222113333211123333333332112222212111111111112222211112111132333
11011121211112112232211111111111123333333333333222112333322333322333233113333322211111111222222211111111122233
00011111211111112221211111111101122333333333333322222233333332221221123333333332222111112333222233321122222333
20011112112111111111111111110002332332222333333333322232122221111211122133333333333333212333111233332222232333
31001111111111111111111111112323332322111233333333322333322121111111221233322222222222222222222222222222222222
33321011112111111111111111333333322221111133222333332222211121111112211122222222222222222222222222222222222222
33333100111111111111111002333333311111111233333333332222211111112222211122222222222222222222222222222222222222
32332110000011111111100002222333311111222333322333321212111111122222111111222222222222222222222222222222222222
32221110100011111111101102221233322222333322233333332211111112333332221121122222222222222222222222222222222222
32111111100111110110011012111223333333332212223333333111111111333333311111122222222222222222222222222222222222
22111111110001000000000121221122223333321111122232322211112122333332321111122222222222222222222222222222222222
32111111110000111010122211211222112322212111122221111111112333333321233222222222222222222222222222222222222222
32221111111110111100233333212222112212111111112121111112111223332221123223322222222222222222222222222222222222
21233321111101000001222333332221111211111111121111111111122223322111112212322222222222222222222222222222222222
31123333222333210001122233333322211111111110111111111111233333321111111212222222222222222222222222222222222222
31123333223333310001111223333332211112111111111121111122333333321111111222222222222222222222222222222222222222
31123323333333321001112212332221112112111102111111111122333333333322223322222222222222222222222222222222222222
32222232233333332111121111221111111111111012211111111333333333333333333222222222222222222222222222222222222222
33322122233233332111211111211111111111100001111111112333332233333332133212222222222222222222222222222222222222
22222122223333333332211111111111111111011100111112333333332123333332112222122222222222222222222222222222222222
22222112233333333333212111111111100100111100012333333333322123333333122112122222222222222222222222222222222222
32222122333333333333332111111111210000000011133333333322211113333333222212222222222222222222222222222222222222
33222223333333333322233332333310001101000110133333332322221112333322112222322222222222222222222222222222222222
33323333333323333332233332222331011011011212333332222333322123333211111222222222222222222222222222222222222222
32223333332222332233333222212231100101112222333322221233233333333211123322122222222222222222222222222222222222
32113333332222221123333322222222211111112222333322222223333333333332111111122222222222222222222222222222222222
32111233332221122222333333321233333311111122232333332333332333333333322112322222222222222222222222222222222222
32111333332221222222233223222223333221011111222233333333332233333333333233322222222222222222222222222222222222
31111333333323222222332212222223333222112111122222222333333333333333333333322222222222222222222222222222222222
22111233333333333333331111332233322322211112111122221223333133333333333333322222222222222222222222222222222222
33223333333333333333332112222322112322310011111121221233331112233323333333322222222222222222222222222222222222
33332222333333333332222112222221113322110001111121111333321112223333322333222222222222222222222222222222222222
33333332233333333322222333222211122222111001112211111233332222333333211233222222222222222222222222222222222222
33233333333333333332221232221212221211111001011111111222333333333321111233222121222223333333333333333333222333
33322233333333333333322322222222211111111111011111111212233333222332223332222222222233333333333333333332222233
33333233333333333333333333223332211111211100011111111112233333333333333333333333333333333333333333333333222333
