00000000000000000000000000000000000011111122222222222222222222222222222222222222222222222222222222222222222222
00000000000000000000000000000000000111111122222222222222222222222222222222222222222222222222222222222222222222
00000000000000000000000000000000000111111122222222222222222222222222222222222222222222222222222222222222222222
00000000000000000000000000002222001111111122222222222222222222222222222222121222222222222222222222222222222222
00000000000000000000000000002222201111111122222222222222222222222222222221121122122222222222222222222222222222
00000000000000000000000000002222200111111122222222222222222222222222222221122111122222222222222222222222222222
00000000000000000000000001002222211111111122222222222222222222222222222211222111222222222222222222222222222222
00000000000000100000000000012222211111111122222222222222222222222222222222222221222222222222222222222222222222
00000000000000000000001000012222211111111122222222222222222222222222222222222222222222222222222222222222222222
00000000000100000000000011112222211111111122222222222222222222222222222222222222222222222222222222222222222222
00000000000000000000011111111111111111111111111111111111111111111111111111222222222222222222222222222222222222
00000000000000000000011111111111111111111111111111111111111111111111111111122222222222222222222222222222222222
00000000000000000000011111111111111111111111111111111111111111111111111111112222222222222222222222222222222222
00000100000000000000011111111111111111111111111111111111111111111111111111112222222222222222222222222222222222
00000000000000000000111111111111111111111111111111111111111111111111111111122222222222222222222222222222222222
00000000000000000001111111111111111111111111111111111111111111111111111111222222222222222222222222222222222222
00000000000100000111111111111111111111111111111111111111111111111111111111222222222222222222222222222222222222
00000010011111111111111111111111111111111111111111111111111111111111111111122222222222222222222222222222222222
00000111111111111111111111111111111111111111111111111111111111111111111111112222222222222222222222222222222222
00000111111111111111111111111111111111111111111111111111111111111111111111122222222222222222222222222222222222
00010111111111111111111111111111111111111111111111111111111111111111111111222222222222222222222222222222222222
00011111111111111111111111111111111111111111111111111111111111111111111112222222222222222222222222222222222222
00011111111111111111111111111111111111111111111111111111111111111111111111222222222222222222222222222222222222
00011111111111111111111111111111111111111111111111111111111111111111111111122222222222222222222222222222222222
00001111111111111111111111111111111111111111111111111111111111111111111111112222222222222222222222222222222222
00001111111111111111111111111111111111111111111111111111111111111111111111112222222222222222222222222222222222
00011111111111111111111111111111111111111111111111111111111111111111111111122222222222222222222222222222222222
11111111111111111111111111111111111111111111111111111111111111111111111111222222222222222222222222222222222222
11111111111111111111111111111111111111111111111111111111111111111111111111122222222222222222222222222222222222
11111111111111111111111111111111111111111111111111111111111111111111111111222222222222222222222222222222222222
11111111111111111111111111111111111111111111111111111111111111111111111111222222222222222222222222222222222222
11111111111111111111111111111111111111111111111111111111111111111111111111222222222222111100222222222222222222
11111111111111111111111111111111111111111111111111111111111111111111111111222222111111111100000000222222000000
11111111111111111111111111111111111111111111111111111111111111111111111111111111111111110000000000000000000000
11111111111111111111111111111111111111111111111111111111111111111111111111111111111111110000000000000000000000
11111111111111111111111111111111111111111111111111111111111111111111111111111111111111110000000000000000000000
11111111111111111111111111111111111111111111111111111111111111111111111111111111111111110000000000000000000000
11111111111111111111111111111111111111111111111111111111111111111111111111111111111111110000000000000000000000
11111111111111111111111111111111111111111111111111111111111111111111111111111111111111110000000000000000000000
11111111111111111111111111111111111111111111111111111111111111111111111111111111111111110000000000000000000000
11111111111111111111111111111111111111111111111111111111111111111111111111111111111111110000000000000000000000
11111111111111111111111111111111111111111111111111111111111111111111111111111111111111110000000000000000000000
11111111111111111111111111111111111111111111111111111111111111111111111111111111111111110000000000000000000000
11111111111111111111111111111111111111111111111111111111111111111111111111111111111111110000000000000000000000
11111111111111111111111111111111111111111111111111111111111111111111111111111111111111110000000000000000000000
11111111111111111111111111111111111111111111111111111111111111111111111111111111111111110000000000000000000000
11111111111111111111111111111111111111111111111111111111111111111111111111111111111111110000000000000000000000
11111111111111111111111111111111111111111111111111111111111111111111111111111111111111110000000000000000000000
11111111111111111111111111111111111111111111111111111111111111111111111111111111111111111111111111111111111111
11111111111111111111111111111111111111111111111111111111111111111111111111111111111111111111111111111111111111
11111111111111111111111111111111111111111111111111111111111111111111111111111111111111111111111111111111111111
11111111111111111111111111111111111111111111111111111111111111111111111111111111111111111111111111111111111111
11111111111111111111111111111111111111111111111111111111111111111111111111111111111111111111111111111111111111
11111111111111111111111111111111111111111111111111111111111111111111111111111111111111111111111111111111111111
11111111111111111111111111111111111111111111111111111111111111111111111111111111111111111111111111111111111111
11111111111111111111111111111111111111111111111111111111111111111111111111111111111111111111111111111111111111
11111111111111111111111111111111111111111111111111111111111111111111111111111111111111111111111111111111111111
11111111111111111111111111111111111111111111111111111111111111111111111111111111111111111111111111111111111111
11111111111111111111111111111111111111111111111111111111111111111111111111111111111111111111111111111111111111
11111111111111111111111111111111111111111111111111111111111111111111111111111111111111111111111111111111111111
11111111111111111111111111111111111111111111111111111111111111111111111111111111111111111111111111111111111111
11111111111111111111111111111111111111111111111111111111111111111111111111111111111111111111111111111111111111
11111111111111111111111111111111111111111111111111111111111111111111111111111111111111111111111111111111111111
11111111111111111111111111111111111111111111111111111111111111111111111111111111111111111111111111111111111111
11111111111111111111111111111111111111111111111111111111111111111111111111111111111111111111111111111111111111
11111111111111111111111111111111111111111111111111111111111111111111111111111111111111111111111111111111111111
11111111111111111111111111111111111111111111111111111111111111111111111111111111111111111111111111111111111111
11111111111111111111111111111111111111111111111111111111111111111111111111111111111111111111111111111111111111
11111111111111111111111111111111111111111111111111111111111111111111111111111111111111111111111111111111111111
11111111111111111111111111111111111111111111111111111111111111111111111111111111111111111111111111111111111111
11111111111111111111111111111111111111111111111111111111111111111111111111111111111111111111111111111111111111
11111111111111111111111111111111111111111111111111111111111111111111111111111111111111111111111111111111111111
