00000000000000000000000000000000000000000000000000000000000000000000000000000000000000000000000000000000000000
00000000000000222222222222222200000022222000002222200000000000000000222220000022222222222222222222220000000000
00000000000000222222222222222200000022222000002222200000000000000000222220000022222222222222222222220000000000
00000000002222222222222222222222222222222222222222222000222000000022222222222222222222222222222222222222200000
00000000002222222222222222222222222222222222222222222200222000000022222222222222222222222222222222222222200000
00000000002222222111111111222222222222222222222222222222222000002222222222222222222222222222222222222222200200
00000000222222222111111111222222222222222222222222222222222020022222222222222222222222222222222222222222222220
00000002222222211111111111222222222222222222222222222222222200222222222222222222222222222222222222222222222222
00000002222222211111111111222222222222222222222222222222222000022222222222222222222222222222222222222222222222
00000222222222211111011111222222222222222222222222222222222000022222222222222222222222222222222222222222222222
00002222222222210000001111222222222222222222222222222222222000022222222222222222222222222222222222222222222222
00002222222222210000000111222222222222222222222222222222222000022222222222222222222222222222222222222222222222
00222222222222210001100001222222222222222222222222222222222000022222222222222222222222222222222222222222222222
02222222222222210011110001002222222222222222222222222222222000022222222222222222222222222222222222222222222222
02222222222220000011111000002222222222222222222222222222222000000222222222222222222222222222222222222222222222
02222222222200000011111000022022222222222222222222222222202000000222222222222222222222222222222222222222222222
02222222222200000111111000000000220222222222222222222222200220000222222222222222222222222222222222222222222222
02222222222202001111111101200000222222222222222222222222200000022222222222222222222222222222222222222222222222
02222222222200001111111101202202220002222222222222222222200002222222222222222222222222222222222222222222222222
02222222220002000111111100222200022202222222222222222222000022222222222222222222222222222222222222222222222222
00002222200022000111111100222022222202222222222222222222200022222222222222222222222222222222222222222222222222
00002222200222000000110000000000002002222222222222222222000002222222222222222222222222222222222222222222222222
00002222200222200000000001000000000002222222222222220220002002222222222222222222222222222222111111111222222222
00002222200002000000000001000022000022222222222222220200022000002222222222222222222222222222111111111111111111
00002222200000000000000000000022200222222222222222200000022000000222222222222222222222222222111111111111111111
22222222222220000000000000222222200222222222222222220200222000000222222222222222222222222222111111111111111111
22222222222222200000000011222222200222222222222222222222222220002222222222222222222222222222111111111111111111
22222222222222211000000011222222222222222222222222222222222220002202022222222222222222222222111111111111111111
22222222222222211100000111222222222222222222222222222222222222002000002222222222222222222222111111111111111111
22222222222222211100000111222222222222222222222222222222222222220000002222222222222222222222111111111111111111
22222222222222211101100111222222222222222222222222222222222222220022002222222222222222222222111111111111111111
22222222222222211100000111222222222222222222222222222222222222220000002222222222222222222222111111111111111111
22222222222222211100001111222222222222222222222222222222222222222002222222222222222222222222111111111111111111
22222222222222211111000111222222222222222222222222222222222222222222222222222222221111111111111111111111111111
22222222222222211111101111222222222222222222222222222222222222222222222222222222221111111111000000000000000000
22222222222222211111100111222222222222222222222222222222222222222222222222222222221111111111000000000000000000
22222222222222211111100011111111122222222222222222222222222222222222222222222222221111111111000000000000000000
11111111222222211111110001111111111111222222222222222222222222222222222222222222221111111111000000000000000000
11111111222222211111111001011111111111222222222222222222222222222222222222222222221111111111000000000000000000
00111111222222211111111001111111111111111112222222222222222111111111111111111111111111111111000000000000000000
00111111111111111111111000001111111111111112222222222222222111111111111111111111111111111111000000000000000000
00111111111111111111111001001111111111111112222222222222222111111111111111111111111111111000000000000000000000
00111111111111111111110000001111111111111112222222222222222111111111111111111111111111000000000000000000000000
00111111111111111111101100001111111111111112222222222222222111111111111111111111111100000000000000000000000000
00111111111111111101101100001111111111111112222222222222222111111111111111111111110110000000000000000000000000
00111111111111111100100000111111111111111111111111111111111111111111111111111111110111000000000000000000000000
00111111111111111111100011111111111111111111111111111111111111111111111111111111110000000000000000000000000000
11111111111111111111011011111111111111111111111111111111111111111111111111111111100110000000000000000000000000
00111111111111111111011011111111111111111111111111111111111111111111111111111100000010000000000000000000000000
11111111111111111111000011111111111111111111111111111111111111111111111111111000000001000000000000000000000000
10111111111111111111000111111111111111111111111111111111111111111111111111110000000001000000000000000000000000
10001111111111111111001111111111111111111111111111100000000000000000110000000000000000000000000000000000000000
11001111011111111111001111111111111111111111111100000000000000000000110000000000110000000000000000000000000000
01111111111011111000111111111111111111111111111100000000000000000000000011000000111000000000000000000000000000
01111000111011111110111111111111111111111111111100000000000000000000100000000000010000000000000000000000000000
00111110011011111111111111111111111111111111111100000000000000000000100000000010000000000000000000000000000000
00000110010010011111111111111111111111111111111100000000000000000000000000000000000110000000000000000000000000
00000000000011011111111111111111111111111111111100000000000000000000000001100000010110000000000000000000000000
00000000000010011111100000000000000000000000000000000000000000000000000000100011111111000000000000000000000000
00000000000110111111100000000000000000000000000000000000000000000000001100000011111111000000000000000000000000
00000000000000000000000000000000000000000000000000000000000000000000101100001111111111000000000000000000000000
00000000000000000000000000000000000000000000000000000000000000000000110000011111111111000000000000000000000000
00000000000000000000000000000000000000000000000000000000000000000000111111111111111111000000000000000000000000
00000000000000000000000000000000000000000000000000000000000000000000111111111111111111000000000000000000000000
00000000000000000000000000000000000000000000000000000000000000000000111111111111111111000000000000000000000000
00000000000000000000000000000000000000000000000000000000000000000000111111111111111111000000000000000000000000
00000000000000000000000000000000000000000000000000000000000000000000111111111111111111000000000000000000000000
00000000000000000000000000000000000000000000000000000000000000000000111111111111111111000000000000000000000000
00000000000000000000000000000000000000000000000000000000000000000000111111111111110000000000000000000000000000
00000000000000000000000000000000000000000000000000000000000000000000111111111111100000000000000000000000000000
00000000000000000000000000000000000000000000000000000000000000000000111111111000000000000000000000000000000000
00000000000000000000000000000000000000000000000000000000000000000000000000000000000000000000000000000000000000
